Partitions (1957) - Milton Babbit

CYCLIC SET: set derived from interwoven cycles of 
inversionally related intervals (1/11, 4/8, etc..) (- George Perle)


CYCLE 1/11

ROW:    5 2 6 3 7 4   10 1 9 0 8 11 
IC 1 (P5 + P2) (T9)
5       6       7        | 8       9       10      | 11      0       1       | 2       3       4   
    2       3       4    |     5       6       7   |     8       9       10  |     11      0       1

IC 11 (P10 + P1) (T3)
10      9       8        | 7       6       5       | 4       3       2       | 1       0       11  
    1       0       11   |     10      9       8   |     7       6       5   |    4       3       2



ROW:    5 6 8 7 9 10   4 3 1 2 0 11

IC1 (P5 + P8) (T3)
5   6       7            | 8   9       10          | 11  0       1           | 2   3       4
        8       9   10   |         11      0   1   |         2       3   4   |         5       6   7

IC 11 (P4 + P1) (T9)
4   3       2            | 1   0       11          | 10  9       8           | 7   6       5
        1       0   11   |         10      9   8   |         7       6   5   |         4       3   2



ROW:    9 10 2 1 5 6   0 11 7 8 4 3
p6,p5
IC 1 (P5) + IC 11 (P1) (T4I)
    5   6           7   |      8   9           10  |      11  0           1  |     2   3           4
1           0   11      | 10           9   8       | 7           6   5       | 4           3   2

IC 1 (P8) + IC 11 (P4) (T8I)
8           9   10      | 11            0   1      | 2             3   4     | 5             6   7
    4   3           2   |       1   0           11 |       10  9           8 |       7   6           5




CYCLE 5/7

ROW:    9 10 2 1 5 6   0 11 7 8 4 3

p6,p11
IC 5(P1) + IC 7(P5) (T4) 
1       6       11      | 4       9       2       | 7       0       5       | 10      3       8     
    5       0       7   |     2       9       4   |     11      6       1   |     8       3       10 

IC 7(P8) + IC 5(P4) (T8)
8       3       10      | 5       0       7       | 2       9       4       | 11        6         1   
    4       9       2   |     7       0       5   |     10      3       8   |       1        6        11    



ROW:    8 3 5 10 0 7   1 6 4 11 9 2

IC 7: P8 + P5 (T9)
8   3       10          | 5   0       7           | 2   9       4           |   11  6       1           (8
        5       0   7   |         2       9   4   |         11      6   1   |           8       3   10      (5

IC 5: P1 + P4 (T3)
1   6       11          | 4   9       2           | 7   0       5           |  10  3       8            (1
        4       9   2   |         7       0   5   |         10      3   8   |           1       6   11      (4




CYCLE 4/8

ROW:    9 10 2 1 5 6   0 11 7 8 4 3

IC 4 (P9 + P10) (T1)
9           1   5       (9   
    10  2           6       (10

IC 8 (P0 + P0) (T11)
0           8   4       (0
    11  7           3       (11




CYCLE 2/10

ROW:    8 3 5 10 0 7   1 6 4 11 9 2

IC 2: P8 + P3 (T7)
8           10  0       | 2           4   6
    3   5           7   |     9   11          1

IC 10: P1 + P6 (T5)
1           11  9       | 7           5   3
    6   4           2   |     0   10          8




CYCLE 3/9

ROW:    8 3 5 10 0 7   1 6 4 11 9 2

IC 9 (P8 + P3) (T7)
8       5   |     | 2        11  |     (8 ...
    3       | 0   |     9        | 6       (3 ...

IC 3 (P1 + P6) (T5)
1       4   |     | 7       10  |     (1 ...
    6       | 9   |     0       | 3       (6 ...





##################################
##### GENERAL FUCKING AROUND #####

CYCLIC SETS ON CYCLE 1/11

i5,i6
IC 1 + IC 11
3       4       5       | 6       7       8       | 9       10      11      | 0       1       2       (3 ...
    2       1       0   |     11      10      9   |     8       7       6   |     5       4       3       (2 ...
     

P3      3 2 4       1 5 0       6 11 7      10 8 9
P9      9 8 10      7 11 6      0 5 1       4 3 2
I6      6 7 5       8 4 9       3 10 2      11 1 0
I0      0 1 11      2 10 3      9 4 8       5 7 6   

P3      3 2 4       1 5 0       9 8 10      7 11 6
P9      9 8 10      7 11 6      3 2 4       1 5 0 
I0      0 1 11      2 10 3      6 7 5       8 4 9
I6      6 7 5       8 4 9       0 1 11      2 10 3

    inverted:

p4,p5 
IC 11 + IC 1
8       7       6       | 5       4       3       | 2       1       0       | 11      10      9       (8 ...
    9       10      11  |     0       1       2   |     3       4       5   |     6       7       8       (9 ...

P8      8 9 7       10 6 11     5 0 4       1 3 2
R2      2 3 1       4 0 5       11 6 10     7 9 8
I6      5 4 6       3 7 2       8 1 9       0 10 11
RI6     11 10 0     9 1 8       2 7 3       6 4 5

P8      8 9 7       10 6 11     2 3 1       4 0 5  
P2      2 3 1       4 0 5       8 9 7       10 6 11 
R8      5 0 4       1 3 2       11 6 10     7 9 8
R2      11 6 10     7 9 8       5 0 4       1 3 2 

    combined:

P3      3 2 4       1 5 0       8 9 7       10 6 11
I8      8 9 7       10 6 11     3 2 4       1 5 0  
R3      11 6 10     7 9 8       0 5 1       4 2 3
RI8     0 5 1       4 2 3       11 6 10     7 9 8


CYCLIC ARRAY(?)
3 2 4 1 5 0       |   6 11 7 10 8 9     |   9 8 10 7 11 6   |   0 5 1 2 4 3
8 9 7 10 6 11     |   5 0 4 1 3 2       |   2 3 1 4 0 5     |   11 6 10 7 9 8   




CYCLIC SETS ON CYCLE 4/8


i1,p5
0       4       8       (0
    1       9       5       (1

0   1   4   9   8   5   -- I11 -->  11  10  7   2   3   6

P0:     0 1 4       9 8 5       11 10 7     2 3 6
I11:    11 10 7     2 3 6       0 1 4       9 8 5
R0:     6 3 2       7 10 11     5 8 9       4 1 0
RI11:   5 8 9       4 1 0       6 3 2       7 10 11


i9,p1
0       4       8       (0
    9       5       1       (9

0   9   4   5   8   1   -- I11 --> 11   2   7   6   3   10

P0:     0 9 4       5 8 1       11 2 7      6 3 10
I11:    11 2 7      6 3 10      0 9 4       5 8 1
R0:     10 3 6      7 2 11      1 9 5       4 9 0
RI11:   1 9 5       4 9 0       10 3 6      7 2 11


i5,p9
0       4       8       (0
    5       1       9       (5

0   5   4   1   9   8   -- I11 -->  11  6   7   10  2   3

P0:     0 5 4       1 9 8       11 6 7      10 2 3
I11:    11 6 7      10 2 3      0 5 4       1 9 8 
R0:     3 2 10      7 6 11      8 9 1       4 5 0
RI11    8 9 1       4 5 0       3 2 10      7 6 11 




p2,i6
0       4       8       (0
    2       10      6       (2

0   2   4   10  8   6   -- I11 -->  11  9   7   1   3   5
0   2   4   10  8   6   -- I1 -->   1   11  9   3   5   7
0   2   4   10  8   6   -- I7 -->   7   5   3   9   11  1
0   2   4   10  8   6   -- I10 -->  10  8   6   0   2   4

P0      0 2 4       10 8 6      1 11 9      3 5 7
P10     10 8 6      0 2 4       3 5 7       1 11 9 
I1      1 11 9      3 5 7       0 2 4       10 8 6 
I3      3 5 7       1 11 9      10 8 6      0 2 4

P0      0 2 4       10 8 6      11 9 7      1 3 5
I11:    11 9 7      1 3 5       0 2 4       10 8 6
RI11:   6 8 10      4 2 0       5 3 1       7 9 11   
R0:     5 3 1       7 9 11      6 8 10      4 2 0         


P0      0 2 4       10 8 6      1 11 9      3 5 7
I1      1 11 9      3 5 7       0 2 4       10 8 6 
R0/I7   7 5 3       9 11 1      6 8 10      4 2 0
RI1/P6  6 8 10      4 2 0       7 5 3       9 11 1


p10,i2
0       4       8       (0
    10       6      2       (10

0   10  4   6   8   2    -- I11 -->    11  1   7   5   3   9
0   10  4   6   8   2    -- I1 -->     1   3   9   7   5   11

0 10 4      6 8 2       11 1 7      5 3 9
11 1 7      5 3 9       0 10 4      6 8 2 
9 3 5       7 1 11      2 8 6       4 10 0
2 8 6       4 10 0      9 3 5       7 1 11 

0 10 4      6 8 2       1 3 9       7 5 11
1 3 9       7 5 11      0 10 4      6 8 2
11 7 5      9 3 1       2 8 6       4 10 0    
2 8 6       4 10 0      11 7 5      9 3 1   


p2,i6
0       4       8       (0
    6       2      10       (6

0   6   4   2   8   10  -- I11 -->   11  5   7   9   3   1
0   6   4   2   8   10  -- I1 -->   1   7   9   11  5   3

P0:     0 6 4       2 8 10      1 7 9       11 5 3
I1:     1 7 9       11 5 3      0 6 4       2 8 10
R0:     3 5 11      9 7 1       10 8 2      4 6 0
RI1:    10 8 2      4 6 0       3 5 11      9 7 1       

P0:     0 6 4       2 8 10      11 5 7      9 3 1
I11:    11 5 7      9 3 1       0 6 4       2 8 10
R0:     1 3 9       7 5 11      10 8 2      4 6 0    
RI11:   10 8 2      4 6 0       1 3 9       7 5 11 



i3,p7
0       4       8       (0
    3       11      7      (3

0   3   4   11  8   7   -- I1 -->   1   10  9   2   5   6

P0:     0 3 4       11 8 7      1 10 9      2 5 6
I1:     1 10 9      2 5 6       0 3 4       11 8 7
R0:     6 5 1       9 10 1      7 8 11      4 3 0
R1:     7 8 11      4 3 0       6 5 1       9 10 1 


i11,p3
0       4       8       (0
    11       7      3      (11

0   11  4   7   8   3   -- I1 -->   1   2   9   6   5   10

P0:     0 11 4      7 8 3       1 2 9       6 5 10
I1:     1 2 9       6 5 10      0 11 4      7 8 3 
R0:     10 5 6      9 2 1       3 8 7       4 11 0
RI1:    3 8 7       4 11 0      10 5 6      9 2 1


i7,p11
0       4       8       (0
    7       3      11      (7

0   7   4   3   8   11  -- I1 -->    1   6   9   10   5  2

P0:     0 7 4       3 8 11      1 6 9       10 5 2
I1:     1 6 9       10 5 2      0 7 4       3 8 11 
R0:     2 5 10      9 6 1       11 8 3      4 7 0
RI1:    11 8 3      4 7 0       2 5 10      9 6 1 
